C:\Users\Jatin\Desktop\autonomous\src>python optimalPath2obs.py
[[500.0, 0.0, 0.0, 0.0, 0.0, 3.141592653589793], [495.0, 0.0, 4.0, 6.3246, 1.58], [490.0, 0.0, 4.0, 8.9443, 2.23], [485.0, 0.0, 4.0, 10.9545, 2.73], [480.0, 0.0, 4.0, 12.6492, 3.15], [475.0, 0.0, -3.0, 11.4019, 3.57], [470.0, 0.0, 1.0, 11.8323, 4.0], [465.0, 0.0, 2.0, 12.6492, 4.41], [460.0, 0.0, -1.0, 12.2475, 4.81], [455.0, 0.0, -1.0, 11.8322, 5.23], [450.0, 0.4, -3.0, 10.4881, 5.68], [445.0, 0.8, 4.0, 12.2475, 6.12], [440.0, 1.2, 4.0, 13.7841, 6.5], [435.0, 1.6, 0.0, 13.7841, 6.86], [430.0, 2.0, 2.0, 14.4914, 7.21], [425.0, 2.4, 4.0, 15.8114, 7.54], [420.0, 2.4, 1.5, 16.2788, 7.85], [415.0, 2.4, 1.5, 16.7332, 8.15], [410.0, 2.4, 1.5, 17.1756, 8.44], [405.0, 2.4, 3.0, 18.0278, 8.72], [400.0, 2.4, -5.0, 16.5832, 9.01], [395.0, 2.0, -5.0, 15.0001, 9.33], [390.0, 1.6, 3.0, 15.9688, 9.65], [385.0, 1.2, 3.0, 16.882, 9.95], [380.0, 0.8, 1.5, 17.3206, 10.24], [375.0, 0.4, 3.0, 18.166, 10.52], [370.0, 0.0, 1.5, 18.5743, 10.79], [365.0, 0.0, 3.0, 19.365, 11.05], [360.0, 0.0, 3.0, 20.1247, 11.3], [355.0, 0.0, 1.5, 20.494, 11.55], [350.0, 0.0, 0.0, 20.494, 11.79], [345.0, 0.0, 0.0, 20.494, 12.03], [340.0, 0.0, 0.0, 20.494, 12.27], [335.0, 0.0, 0.0, 20.494, 12.51], [330.0, 0.0, 0.0, 20.494, 12.75], [325.0, 0.0, 0.0, 20.494, 12.99], [320.0, 0.0, 0.0, 20.494, 13.23], [315.0, 0.0, 0.0, 20.494, 13.47], [310.0, 0.0, 0.0, 20.494, 13.71], [305.0, 0.0, 0.0, 20.494, 13.95], [300.0, 0.0, 0.0, 20.494, 14.19], [295.0, 0.0, 0.0, 20.494, 14.43], [290.0, 0.0, 0.0, 20.494, 14.67], [285.0, 0.0, 0.0, 20.494, 14.91], [280.0, 0.0, 0.0, 20.494, 15.15], [275.0, 0.0, 0.0, 20.494, 15.39], [270.0, 0.0, 0.0, 20.494, 15.63], [265.0, 0.0, 0.0, 20.494, 15.87], [260.0, 0.0, 0.0, 20.494, 16.11], [255.0, 0.0, 0.0, 20.494, 16.35], [250.0, 0.0, 0.0, 20.494, 16.59], [245.0, 0.0, 0.0, 20.494, 16.83], [240.0, 0.0, 0.0, 20.494, 17.07], [235.0, 0.0, 0.0, 20.494, 17.31], [230.0, 0.0, 0.0, 20.494, 17.55], [225.0, 0.0, 0.0, 20.494, 17.79], [220.0, 0.0, 0.0, 20.494, 18.03], [215.0, 0.0, 0.0, 20.494, 18.27], [210.0, 0.0, 0.0, 20.494, 18.51], [205.0, 0.0, 0.0, 20.494, 18.75], [200.0, 0.0, 0.0, 20.494, 18.99], [195.0, 0.0, 0.0, 20.494, 19.23], [190.0, 0.0, 0.0, 20.494, 19.47], [185.0, 0.0, 0.0, 20.494, 19.71], [180.0, 0.0, 0.0, 20.494, 19.95], [175.0, 0.0, 0.0, 20.494, 20.19], [170.0, 0.0, 0.0, 20.494, 20.43], [165.0, 0.0, 0.0, 20.494, 20.67], [160.0, 0.0, 0.0, 20.494, 20.91], [155.0, 0.0, 0.0, 20.494, 21.15], [150.0, 0.0, 0.0, 20.494, 21.39], [145.0, 0.0, 0.0, 20.494, 21.63], [140.0, 0.0, 0.0, 20.494, 21.87], [135.0, 0.0, 0.0, 20.494, 22.11], [130.0, 0.0, 0.0, 20.494, 22.35], [125.0, 0.0, 0.0, 20.494, 22.59], [120.0, 0.0, 0.0, 20.494, 22.83], [115.0, 0.0, 0.0, 20.494, 23.07], [110.0, 0.0, 0.0, 20.494, 23.31], [105.0, 0.0, 0.0, 20.494, 23.55]]

[0.5, 0.5, 0.6, 0.7, -0.2, 0.25, 0.4, 0.0, 0.0, -0.2, 0.65, 0.8, 0.15, 0.5, 0.95, 0.45, 0.5, 0.5, 0.9, -0.4, -0.4, 0.75, 0.8, 0.5, 0.9, 0.55, 0.95, 1.0, 0.65, 0.3, 0.3, 0.3, 0.3, 0.3, 0.3, 0.3, 0.3, 0.3, 0.3, 0.3, 0.3, 0.3, 0.3, 0.3, 0.3, 0.3, 0.3, 0.3, 0.3, 0.3, 0.3, 0.3, 0.3, 0.3, 0.3, 0.3, 0.3, 0.3, 0.3, 0.3, 0.3, 0.3, 0.3, 0.3, 0.3, 0.3, 0.3, 0.3, 0.3, 0.3, 0.3, 0.3, 0.3, 0.3, 0.3, 0.3, 0.3, 0.3, 0.3]

[[500.0, 0.0], [495.0, 0.0], [490.0, 0.0], [485.0, 0.0], [480.0, 0.0], [475.0, 0.0], [470.0, 0.0], [465.0, 0.0], [460.0, 0.0], [455.0, 0.0], [450.0, 0.4], [445.0, 0.8], [440.0, 1.2], [435.0, 1.6], [430.0, 2.0], [425.0, 2.4], [420.0, 2.4], [415.0, 2.4], [410.0, 2.4], [405.0, 2.4], [400.0, 2.4], [395.0, 2.0], [390.0, 1.6], [385.0, 1.2], [380.0, 0.8], [375.0, 0.4], [370.0, 0.0], [365.0, 0.0], [360.0, 0.0], [355.0, 0.0], [350.0, 0.0], [345.0, 0.0], [340.0, 0.0], [335.0, 0.0], [330.0, 0.0], [325.0, 0.0], [320.0, 0.0], [315.0, 0.0], [310.0, 0.0], [305.0, 0.0], [300.0, 0.0], [295.0, 0.0], [290.0, 0.0], [285.0, 0.0], [280.0, 0.0], [275.0, 0.0], [270.0, 0.0], [265.0, 0.0], [260.0, 0.0], [255.0, 0.0], [250.0, 0.0], [245.0, 0.0], [240.0, 0.0], [235.0, 0.0], [230.0, 0.0], [225.0, 0.0], [220.0, 0.0], [215.0, 0.0], [210.0, 0.0], [205.0, 0.0], [200.0, 0.0], [195.0, 0.0], [190.0, 0.0], [185.0, 0.0], [180.0, 0.0], [175.0, 0.0], [170.0, 0.0], [165.0, 0.0], [160.0, 0.0], [155.0, 0.0], [150.0, 0.0], [145.0, 0.0], [140.0, 0.0], [135.0, 0.0], [130.0, 0.0], [125.0, 0.0], [120.0, 0.0], [115.0, 0.0], [110.0, 0.0], [105.0, 0.0]]

[1.58, 2.23, 2.73, 3.15, 3.57, 4.0, 4.41, 4.81, 5.23, 5.68, 6.12, 6.5, 6.86, 7.21, 7.54, 7.85, 8.15, 8.44, 8.72, 9.01, 9.33, 9.65, 9.95, 10.24, 10.52, 10.79, 11.05, 11.3, 11.55, 11.79, 12.03, 12.27, 12.51, 12.75, 12.99, 13.23, 13.47, 13.71, 13.95, 14.19, 14.43, 14.67, 14.91, 15.15, 15.39, 15.63, 15.87, 16.11, 16.35, 16.59, 16.83, 17.07, 17.31, 17.55, 17.79, 18.03, 18.27, 18.51, 18.75, 18.99, 19.23, 19.47, 19.71, 19.95, 20.19, 20.43, 20.67, 20.91, 21.15, 21.39, 21.63, 21.87, 22.11, 22.35, 22.59, 22.83, 23.07, 23.31, 23.55]

C:\Users\Jatin\Desktop\autonomous\src>python optimalPath2obs.py
[[500.0, 0.0, 0.0, 0.0, 0.0, 3.141592653589793], [495.0, 0.0, 4.0, 6.3246, 1.58], [490.0, 0.0, 4.0, 8.9443, 2.23], [485.0, 0.0, 4.0, 10.9545, 2.73], [480.0, 0.0, 4.0, 12.6492, 3.15], [475.0, 0.0, -3.0, 11.4019, 3.57], [470.0, 0.0, 1.0, 11.8323, 4.0], [465.0, 0.0, 2.0, 12.6492, 4.41], [460.0, 0.0, -1.0, 12.2475, 4.81], [455.0, 0.0, -1.0, 11.8322, 5.23], [450.0, 0.0, -3.0, 10.4881, 5.68], [445.0, 0.0, -1.0, 10.0, 6.17], [440.0, 0.0, -3.0, 8.3666, 6.71], [435.0, 0.0, -3.0, 6.3246, 7.39], [430.0, 0.0, 0.0, 6.3246, 8.18], [425.0, 0.0, -1.0, 5.4773, 9.03], [420.0, 0.0, -1.0, 4.4722, 10.04], [415.0, 0.0, 0.0, 4.4722, 11.16], [410.0, 0.4, 2.0, 6.3246, 12.09], [405.0, 0.8, 4.0, 8.9443, 12.74], [400.0, 1.2, 2.0, 10.0, 13.27], [395.0, 1.6, -3.0, 8.3666, 13.81], [390.0, 2.0, 4.0, 10.4881, 14.34], [385.0, 2.4, 4.0, 12.2475, 14.78], [380.0, 2.4, 4.0, 13.7841, 15.16], [375.0, 2.4, 2.0, 14.4914, 15.51], [370.0, 2.4, 4.0, 15.8114, 15.84], [365.0, 2.4, 1.5, 16.2788, 16.15], [360.0, 2.0, -5.0, 14.6629, 16.47], [355.0, 1.6, 2.0, 15.3297, 16.8], [350.0, 1.2, 1.5, 15.8114, 17.12], [345.0, 0.8, 1.5, 16.2788, 17.43], [340.0, 0.4, 1.5, 16.7332, 17.73], [335.0, 0.0, 1.5, 17.1756, 18.02], [330.0, 0.0, 3.0, 18.0278, 18.3], [325.0, 0.0, 1.5, 18.4391, 18.57], [320.0, 0.0, -1.0, 18.1659, 18.84], [315.0, 0.0, 1.5, 18.5742, 19.11], [310.0, 0.0, 3.0, 19.3649, 19.37], [305.0, 0.0, 3.0, 20.1246, 19.62], [300.0, 0.0, 1.5, 20.4939, 19.87], [295.0, 0.0, 0.0, 20.4939, 20.11], [290.0, 0.0, 0.0, 20.4939, 20.35], [285.0, 0.0, 0.0, 20.4939, 20.59], [280.0, 0.0, 0.0, 20.4939, 20.83], [275.0, 0.0, 0.0, 20.4939, 21.07], [270.0, 0.0, 0.0, 20.4939, 21.31], [265.0, 0.0, 0.0, 20.4939, 21.55], [260.0, 0.0, 0.0, 20.4939, 21.79], [255.0, 0.0, 0.0, 20.4939, 22.03], [250.0, 0.0, 0.0, 20.4939, 22.27], [245.0, 0.0, 0.0, 20.4939, 22.51], [240.0, 0.0, 0.0, 20.4939, 22.75], [235.0, 0.0, 0.0, 20.4939, 22.99], [230.0, 0.0, 0.0, 20.4939, 23.23], [225.0, 0.0, 0.0, 20.4939, 23.47], [220.0, 0.0, 0.0, 20.4939, 23.71], [215.0, 0.0, 0.0, 20.4939, 23.95], [210.0, 0.0, 0.0, 20.4939, 24.19], [205.0, 0.0, 0.0, 20.4939, 24.43], [200.0, 0.0, 0.0, 20.4939, 24.67], [195.0, 0.0, 0.0, 20.4939, 24.91], [190.0, 0.0, 0.0, 20.4939, 25.15], [185.0, 0.0, 0.0, 20.4939, 25.39], [180.0, 0.0, 0.0, 20.4939, 25.63], [175.0, 0.0, 0.0, 20.4939, 25.87], [170.0, 0.0, 0.0, 20.4939, 26.11], [165.0, 0.0, 0.0, 20.4939, 26.35], [160.0, 0.0, 0.0, 20.4939, 26.59], [155.0, 0.0, 0.0, 20.4939, 26.83], [150.0, 0.0, 0.0, 20.4939, 27.07], [145.0, 0.0, 0.0, 20.4939, 27.31], [140.0, 0.0, 0.0, 20.4939, 27.55], [135.0, 0.0, 0.0, 20.4939, 27.79], [130.0, 0.0, 0.0, 20.4939, 28.03], [125.0, 0.0, 0.0, 20.4939, 28.27], [120.0, 0.0, 0.0, 20.4939, 28.51], [115.0, 0.0, 0.0, 20.4939, 28.75], [110.0, 0.0, 0.0, 20.4939, 28.99], [105.0, 0.0, 0.0, 20.4939, 29.23]]

[0.5, 0.5, 0.6, 0.7, -0.2, 0.25, 0.4, 0.0, 0.0, -0.2, 0.0, -0.2, -0.2, 0.05, -0.1, -0.1, 0.05, 0.25, 0.5, 0.3, -0.2, 0.55, 0.65, 0.8, 0.5, 0.95, 0.45, -0.4, 0.55, 0.45, 0.45, 0.5, 0.5, 0.9, 0.55, 0.0, 0.55, 0.95, 1.0, 0.65, 0.3, 0.3, 0.3, 0.3, 0.3, 0.3, 0.3, 0.3, 0.3, 0.3, 0.3, 0.3, 0.3, 0.3, 0.3, 0.3, 0.3, 0.3, 0.3, 0.3, 0.3, 0.3, 0.3, 0.3, 0.3, 0.3, 0.3, 0.3, 0.3, 0.3, 0.3, 0.3, 0.3, 0.3, 0.3, 0.3, 0.3, 0.3, 0.3]

[[500.0, 0.0], [495.0, 0.0], [490.0, 0.0], [485.0, 0.0], [480.0, 0.0], [475.0, 0.0], [470.0, 0.0], [465.0, 0.0], [460.0, 0.0], [455.0, 0.0], [450.0, 0.0], [445.0, 0.0], [440.0, 0.0], [435.0, 0.0], [430.0, 0.0], [425.0, 0.0], [420.0, 0.0], [415.0, 0.0], [410.0, 0.4], [405.0, 0.8], [400.0, 1.2], [395.0, 1.6], [390.0, 2.0], [385.0, 2.4], [380.0, 2.4], [375.0, 2.4], [370.0, 2.4], [365.0, 2.4], [360.0, 2.0], [355.0, 1.6], [350.0, 1.2], [345.0, 0.8], [340.0, 0.4], [335.0, 0.0], [330.0, 0.0], [325.0, 0.0], [320.0, 0.0], [315.0, 0.0], [310.0, 0.0], [305.0, 0.0], [300.0, 0.0], [295.0, 0.0], [290.0, 0.0], [285.0, 0.0], [280.0, 0.0], [275.0, 0.0], [270.0, 0.0], [265.0, 0.0], [260.0, 0.0], [255.0, 0.0], [250.0, 0.0], [245.0, 0.0], [240.0, 0.0], [235.0, 0.0], [230.0, 0.0], [225.0, 0.0], [220.0, 0.0], [215.0, 0.0], [210.0, 0.0], [205.0, 0.0], [200.0, 0.0], [195.0, 0.0], [190.0, 0.0], [185.0, 0.0], [180.0, 0.0], [175.0, 0.0], [170.0, 0.0], [165.0, 0.0], [160.0, 0.0], [155.0, 0.0], [150.0, 0.0], [145.0, 0.0], [140.0, 0.0], [135.0, 0.0], [130.0, 0.0], [125.0, 0.0], [120.0, 0.0], [115.0, 0.0], [110.0, 0.0], [105.0, 0.0]]

[1.58, 2.23, 2.73, 3.15, 3.57, 4.0, 4.41, 4.81, 5.23, 5.68, 6.17, 6.71, 7.39, 8.18, 9.03, 10.04, 11.16, 12.09, 12.74, 13.27, 13.81, 14.34, 14.78, 15.16, 15.51, 15.84, 16.15, 16.47, 16.8, 17.12, 17.43, 17.73, 18.02, 18.3, 18.57, 18.84, 19.11, 19.37, 19.62, 19.87, 20.11, 20.35, 20.59, 20.83, 21.07, 21.31, 21.55, 21.79, 22.03, 22.27, 22.51, 22.75, 22.99, 23.23, 23.47, 23.71, 23.95, 24.19, 24.43, 24.67, 24.91, 25.15, 25.39, 25.63, 25.87, 26.11, 26.35, 26.59, 26.83, 27.07, 27.31, 27.55, 27.79, 28.03, 28.27, 28.51, 28.75, 28.99, 29.23]

C:\Users\Jatin\Desktop\autonomous\src>python optimalPath2obs.py
Traceback (most recent call last):
  File "optimalPath2obs.py", line 566, in <module>
    future_path = computeTargetPath(cur_pt,100)
  File "optimalPath2obs.py", line 356, in computeTargetPath
    cur_theta[(ind2,i3,i4)] = cur_pt[5]
IndexError: list index out of range

C:\Users\Jatin\Desktop\autonomous\src>python optimalPath2obs.py
  File "optimalPath2obs.py", line 571
    cur_pt = path[-1] +
                       ^
SyntaxError: invalid syntax

C:\Users\Jatin\Desktop\autonomous\src>python optimalPath2obs.py
[[500.0, 0.0, 0.0, 0.0, 0.0, 3.141592653589793], [495.0, 0.0, 4.0, 6.3246, 1.58, 3.141592653589793], [490.0, 0.0, 4.0, 8.9443, 2.23, 3.141592653589793], [485.0, 0.0, 4.0, 10.9545, 2.73, 3.141592653589793], [480.0, 0.0, 4.0, 12.6492, 3.15, 3.141592653589793], [475.0, 0.0, -3.0, 11.4019, 3.57, 3.141592653589793], [470.0, 0.0, 1.0, 11.8323, 4.0, 3.141592653589793], [465.0, 0.0, 2.0, 12.6492, 4.41, 3.141592653589793], [460.0, 0.0, -1.0, 12.2475, 4.81, 3.141592653589793], [455.0, 0.0, 4.0, 13.7841, 5.19, 3.141592653589793], [450.0, 0.0, -3.0, 12.6492, 5.57, 3.141592653589793], [445.0, 0.0, -1.0, 12.2475, 5.97, 3.141592653589793], [440.0, 0.0, -3.0, 10.9545, 6.4, 3.141592653589793], [435.0, 0.0, -3.0, 9.4869, 6.89, 3.141592653589793], [430.0, 0.0, -1.0, 8.9443, 7.43, 3.141592653589793], [425.0, 0.0, -1.0, 8.3666, 8.01, 3.141592653589793], [420.0, 0.0, -3.0, 6.3246, 8.69, 3.141592653589793], [415.0, 0.0, -1.0, 5.4773, 9.54, 3.141592653589793], [410.0, 0.0, -1.0, 4.4722, 10.55, 3.141592653589793], [405.0, 0.4, -1.0, 3.1624, 11.86, 3.061762667877556], [400.0, 0.8, 4.0, 7.0711, 12.84, 3.061762667877556], [395.0, 1.2, 0.0, 7.0711, 13.55, 3.061762667877556], [390.0, 1.6, -1.0, 6.3246, 14.3, 3.061762667877556], [385.0, 2.0, 4.0, 8.9443, 14.95, 3.061762667877556], [380.0, 2.4, 4.0, 10.9545, 15.45, 3.061762667877556], [375.0, 2.4, -3.0, 9.4869, 15.94, 3.141592653589793], [370.0, 2.4, 0.0, 9.4869, 16.47, 3.141592653589793], [365.0, 2.4, 2.0, 10.4881, 16.97, 3.141592653589793], [360.0, 2.4, 4.0, 12.2475, 17.41, 3.141592653589793], [355.0, 2.0, -3.0, 10.9545, 17.84, 3.2214226393020304], [350.0, 1.6, 4.0, 12.6492, 18.26, 3.2214226393020304], [345.0, 1.2, 4.0, 14.1422, 18.63, 3.2214226393020304], [340.0, 0.8, 4.0, 15.492, 18.97, 3.2214226393020304], [335.0, 0.4, 3.0, 16.4317, 19.28, 3.2214226393020304], [330.0, 0.0, 3.0, 17.3205, 19.58, 3.2214226393020304], [325.0, 0.0, 3.0, 18.1659, 19.86, 3.141592653589793], [320.0, 0.0, 1.5, 18.5742, 20.13, 3.141592653589793], [315.0, 0.0, 3.0, 19.3649, 20.39, 3.141592653589793], [310.0, 0.0, 3.0, 20.1246, 20.64, 3.141592653589793], [305.0, 0.0, 1.5, 20.4939, 20.89, 3.141592653589793], [300.0, 0.0, 0.0, 20.4939, 21.13, 3.141592653589793], [295.0, 0.0, 0.0, 20.4939, 21.37, 3.141592653589793], [290.0, 0.0, 0.0, 20.4939, 21.61, 3.141592653589793], [285.0, 0.0, 0.0, 20.4939, 21.85, 3.141592653589793], [280.0, 0.0, 0.0, 20.4939, 22.09, 3.141592653589793], [275.0, 0.0, 0.0, 20.4939, 22.33, 3.141592653589793], [270.0, 0.0, 0.0, 20.4939, 22.57, 3.141592653589793], [265.0, 0.0, 0.0, 20.4939, 22.81, 3.141592653589793], [260.0, 0.0, 0.0, 20.4939, 23.05, 3.141592653589793], [255.0, 0.0, 0.0, 20.4939, 23.29, 3.141592653589793], [250.0, 0.0, 0.0, 20.4939, 23.53, 3.141592653589793], [245.0, 0.0, 0.0, 20.4939, 23.77, 3.141592653589793], [240.0, 0.0, 0.0, 20.4939, 24.01, 3.141592653589793], [235.0, 0.0, 0.0, 20.4939, 24.25, 3.141592653589793], [230.0, 0.0, 0.0, 20.4939, 24.49, 3.141592653589793], [225.0, 0.0, 0.0, 20.4939, 24.73, 3.141592653589793], [220.0, 0.0, 0.0, 20.4939, 24.97, 3.141592653589793], [215.0, 0.0, 0.0, 20.4939, 25.21, 3.141592653589793], [210.0, 0.0, 0.0, 20.4939, 25.45, 3.141592653589793], [205.0, 0.0, 0.0, 20.4939, 25.69, 3.141592653589793], [200.0, 0.0, 0.0, 20.4939, 25.93, 3.141592653589793], [195.0, 0.0, 0.0, 20.4939, 26.17, 3.141592653589793], [190.0, 0.0, 0.0, 20.4939, 26.41, 3.141592653589793], [185.0, 0.0, 0.0, 20.4939, 26.65, 3.141592653589793], [180.0, 0.0, 0.0, 20.4939, 26.89, 3.141592653589793], [175.0, 0.0, 0.0, 20.4939, 27.13, 3.141592653589793], [170.0, 0.0, 0.0, 20.4939, 27.37, 3.141592653589793], [165.0, 0.0, 0.0, 20.4939, 27.61, 3.141592653589793], [160.0, 0.0, 0.0, 20.4939, 27.85, 3.141592653589793], [155.0, 0.0, 0.0, 20.4939, 28.09, 3.141592653589793], [150.0, 0.0, 0.0, 20.4939, 28.33, 3.141592653589793], [145.0, 0.0, 0.0, 20.4939, 28.57, 3.141592653589793], [140.0, 0.0, 0.0, 20.4939, 28.81, 3.141592653589793], [135.0, 0.0, 0.0, 20.4939, 29.05, 3.141592653589793], [130.0, 0.0, 0.0, 20.4939, 29.29, 3.141592653589793], [125.0, 0.0, 0.0, 20.4939, 29.53, 3.141592653589793], [120.0, 0.0, 0.0, 20.4939, 29.77, 3.141592653589793], [115.0, 0.0, 0.0, 20.4939, 30.01, 3.141592653589793], [110.0, 0.0, 0.0, 20.4939, 30.25, 3.141592653589793], [105.0, 0.0, 0.0, 20.4939, 30.49, 3.141592653589793], [100.0, 0.0, 0.0, 20.4939, 30.73, 3.141592653589793]]

[0.5, 0.5, 0.6, 0.7, -0.2, 0.25, 0.4, 0.0, 0.8, -0.2, 0.0, -0.2, -0.2, 0.0, -0.1, -0.2, -0.1, -0.1, -0.1, 0.5, 0.05, -0.1, 0.5, 0.6, -0.2, 0.05, 0.3, 0.65, -0.2, 0.7, 0.8, 0.9, 0.8, 0.85, 0.9, 0.55, 0.95, 1.0, 0.65, 0.3, 0.3, 0.3, 0.3, 0.3, 0.3, 0.3, 0.3, 0.3, 0.3, 0.3, 0.3, 0.3, 0.3, 0.3, 0.3, 0.3, 0.3, 0.3, 0.3, 0.3, 0.3, 0.3, 0.3, 0.3, 0.3, 0.3, 0.3, 0.3, 0.3, 0.3, 0.3, 0.3, 0.3, 0.3, 0.3, 0.3, 0.3, 0.3, 0.3, 0.3]

[[500.0, 0.0], [495.0, 0.0], [490.0, 0.0], [485.0, 0.0], [480.0, 0.0], [475.0, 0.0], [470.0, 0.0], [465.0, 0.0], [460.0, 0.0], [455.0, 0.0], [450.0, 0.0], [445.0, 0.0], [440.0, 0.0], [435.0, 0.0], [430.0, 0.0], [425.0, 0.0], [420.0, 0.0], [415.0, 0.0], [410.0, 0.0], [405.0, 0.4], [400.0, 0.8], [395.0, 1.2], [390.0, 1.6], [385.0, 2.0], [380.0, 2.4], [375.0, 2.4], [370.0, 2.4], [365.0, 2.4], [360.0, 2.4], [355.0, 2.0], [350.0, 1.6], [345.0, 1.2], [340.0, 0.8], [335.0, 0.4], [330.0, 0.0], [325.0, 0.0], [320.0, 0.0], [315.0, 0.0], [310.0, 0.0], [305.0, 0.0], [300.0, 0.0], [295.0, 0.0], [290.0, 0.0], [285.0, 0.0], [280.0, 0.0], [275.0, 0.0], [270.0, 0.0], [265.0, 0.0], [260.0, 0.0], [255.0, 0.0], [250.0, 0.0], [245.0, 0.0], [240.0, 0.0], [235.0, 0.0], [230.0, 0.0], [225.0, 0.0], [220.0, 0.0], [215.0, 0.0], [210.0, 0.0], [205.0, 0.0], [200.0, 0.0], [195.0, 0.0], [190.0, 0.0], [185.0, 0.0], [180.0, 0.0], [175.0, 0.0], [170.0, 0.0], [165.0, 0.0], [160.0, 0.0], [155.0, 0.0], [150.0, 0.0], [145.0, 0.0], [140.0, 0.0], [135.0, 0.0], [130.0, 0.0], [125.0, 0.0], [120.0, 0.0], [115.0, 0.0], [110.0, 0.0], [105.0, 0.0], [100.0, 0.0]]

[1.58, 2.23, 2.73, 3.15, 3.57, 4.0, 4.41, 4.81, 5.19, 5.57, 5.97, 6.4, 6.89, 7.43, 8.01, 8.69, 9.54, 10.55, 11.86, 12.84, 13.55, 14.3, 14.95, 15.45, 15.94, 16.47, 16.97, 17.41, 17.84, 18.26, 18.63, 18.97, 19.28, 19.58, 19.86, 20.13, 20.39, 20.64, 20.89, 21.13, 21.37, 21.61, 21.85, 22.09, 22.33, 22.57, 22.81, 23.05, 23.29, 23.53, 23.77, 24.01, 24.25, 24.49, 24.73, 24.97, 25.21, 25.45, 25.69, 25.93, 26.17, 26.41, 26.65, 26.89, 27.13, 27.37, 27.61, 27.85, 28.09, 28.33, 28.57, 28.81, 29.05, 29.29, 29.53, 29.77, 30.01, 30.25, 30.49, 30.73]

C:\Users\Jatin\Desktop\autonomous\src>python optimalPath2obs.py
[[500.0, 0.0, 0.0, 0.0, 0.0, 3.141592653589793], [495.0, 0.0, 4.0, 6.3246, 1.58, 3.141592653589793], [490.0, 0.0, 4.0, 8.9443, 2.23, 3.141592653589793], [485.0, 0.0, 4.0, 10.9545, 2.73, 3.141592653589793], [480.0, 0.0, 4.0, 12.6492, 3.15, 3.141592653589793], [475.0, 0.0, -3.0, 11.4019, 3.57, 3.141592653589793], [470.0, 0.0, 1.0, 11.8323, 4.0, 3.141592653589793], [465.0, 0.0, 2.0, 12.6492, 4.41, 3.141592653589793], [460.0, 0.0, -1.0, 12.2475, 4.81, 3.141592653589793], [455.0, 0.0, -1.0, 11.8322, 5.23, 3.141592653589793], [450.0, 0.4, -3.0, 10.4881, 5.68, 3.061762667877556], [445.0, 0.4, -1.0, 10.0, 6.17, 3.141592653589793], [440.0, 0.4, -3.0, 8.3666, 6.71, 3.141592653589793], [435.0, 0.4, -3.0, 6.3246, 7.39, 3.141592653589793], [430.0, 0.4, -1.0, 5.4773, 8.24, 3.141592653589793], [425.0, 0.0, -1.0, 4.4722, 9.25, 3.2214226393020304], [420.0, 0.0, 2.0, 6.3246, 10.18, 3.141592653589793], [415.0, 0.0, -1.0, 5.4773, 11.03, 3.141592653589793], [410.0, 0.0, -1.0, 4.4722, 12.04, 3.141592653589793], [405.0, 0.0, -1.0, 3.1624, 13.35, 3.141592653589793], [400.0, 0.0, 4.0, 7.0711, 14.33, 3.141592653589793], [395.0, 0.0, 0.0, 7.0711, 15.04, 3.141592653589793], [390.0, 0.4, -1.0, 6.3246, 15.79, 3.061762667877556], [385.0, 0.8, 4.0, 8.9443, 16.44, 3.061762667877556], [380.0, 1.2, -3.0, 7.0711, 17.06, 3.061762667877556], [375.0, 1.6, 2.0, 8.3666, 17.71, 3.061762667877556], [370.0, 2.0, 4.0, 10.4881, 18.24, 3.061762667877556], [365.0, 2.4, 4.0, 12.2475, 18.68, 3.061762667877556], [360.0, 2.4, 4.0, 13.7841, 19.06, 3.141592653589793], [355.0, 2.4, 2.0, 14.4914, 19.41, 3.141592653589793], [350.0, 2.4, 4.0, 15.8114, 19.74, 3.141592653589793], [345.0, 2.4, 0.0, 15.8114, 20.06, 3.141592653589793], [340.0, 2.0, -5.0, 14.1421, 20.39, 3.2214226393020304], [335.0, 1.6, 4.0, 15.4919, 20.73, 3.2214226393020304], [330.0, 1.2, 3.0, 16.4316, 21.04, 3.2214226393020304], [325.0, 0.8, 3.0, 17.3204, 21.34, 3.2214226393020304], [320.0, 0.4, 3.0, 18.1658, 21.62, 3.2214226393020304], [315.0, 0.0, 1.5, 18.5741, 21.89, 3.2214226393020304], [310.0, 0.0, 3.0, 19.3648, 22.15, 3.141592653589793], [305.0, 0.0, 3.0, 20.1245, 22.4, 3.141592653589793], [300.0, 0.0, 1.5, 20.4938, 22.65, 3.141592653589793], [295.0, 0.0, 0.0, 20.4938, 22.89, 3.141592653589793], [290.0, 0.0, 0.0, 20.4938, 23.13, 3.141592653589793], [285.0, 0.0, 0.0, 20.4938, 23.37, 3.141592653589793], [280.0, 0.0, 0.0, 20.4938, 23.61, 3.141592653589793], [275.0, 0.0, 0.0, 20.4938, 23.85, 3.141592653589793], [270.0, 0.0, 0.0, 20.4938, 24.09, 3.141592653589793], [265.0, 0.0, 0.0, 20.4938, 24.33, 3.141592653589793], [260.0, 0.0, 0.0, 20.4938, 24.57, 3.141592653589793], [255.0, 0.0, 0.0, 20.4938, 24.81, 3.141592653589793], [250.0, 0.0, 0.0, 20.4938, 25.05, 3.141592653589793], [245.0, 0.0, 0.0, 20.4938, 25.29, 3.141592653589793], [240.0, 0.0, 0.0, 20.4938, 25.53, 3.141592653589793], [235.0, 0.0, 0.0, 20.4938, 25.77, 3.141592653589793], [230.0, 0.0, 0.0, 20.4938, 26.01, 3.141592653589793], [225.0, 0.0, 0.0, 20.4938, 26.25, 3.141592653589793], [220.0, 0.0, 0.0, 20.4938, 26.49, 3.141592653589793], [215.0, 0.0, 0.0, 20.4938, 26.73, 3.141592653589793], [210.0, 0.0, 0.0, 20.4938, 26.97, 3.141592653589793], [205.0, 0.0, 0.0, 20.4938, 27.21, 3.141592653589793], [200.0, 0.0, 0.0, 20.4938, 27.45, 3.141592653589793], [195.0, 0.0, 0.0, 20.4938, 27.69, 3.141592653589793], [190.0, 0.0, 0.0, 20.4938, 27.93, 3.141592653589793], [185.0, 0.0, 0.0, 20.4938, 28.17, 3.141592653589793], [180.0, 0.0, 0.0, 20.4938, 28.41, 3.141592653589793], [175.0, 0.0, 0.0, 20.4938, 28.65, 3.141592653589793], [170.0, 0.0, 0.0, 20.4938, 28.89, 3.141592653589793], [165.0, 0.0, 0.0, 20.4938, 29.13, 3.141592653589793], [160.0, 0.0, 0.0, 20.4938, 29.37, 3.141592653589793], [155.0, 0.0, 0.0, 20.4938, 29.61, 3.141592653589793], [150.0, 0.0, 0.0, 20.4938, 29.85, 3.141592653589793], [145.0, 0.0, 0.0, 20.4938, 30.09, 3.141592653589793], [140.0, 0.0, 0.0, 20.4938, 30.33, 3.141592653589793], [135.0, 0.0, 0.0, 20.4938, 30.57, 3.141592653589793], [130.0, 0.0, 0.0, 20.4938, 30.81, 3.141592653589793], [125.0, 0.0, 0.0, 20.4938, 31.05, 3.141592653589793], [120.0, 0.0, 0.0, 20.4938, 31.29, 3.141592653589793], [115.0, 0.0, 0.0, 20.4938, 31.53, 3.141592653589793], [110.0, 0.0, 0.0, 20.4938, 31.77, 3.141592653589793], [105.0, 0.0, 0.0, 20.4938, 32.01, 3.141592653589793], [100.0, 0.0, 0.0, 20.4938, 32.25, 3.141592653589793]]

[0.5, 0.5, 0.6, 0.7, -0.2, 0.25, 0.4, 0.0, 0.0, -0.2, 0.0, -0.2, -0.2, -0.1, -0.1, 0.25, -0.1, -0.1, -0.1, 0.5, 0.05, -0.1, 0.5, -0.2, 0.3, 0.55, 0.65, 0.8, 0.5, 0.95, 0.2, -0.4, 0.9, 0.8, 0.85, 0.9, 0.55, 0.95, 1.0, 0.65, 0.3, 0.3, 0.3, 0.3, 0.3, 0.3, 0.3, 0.3, 0.3, 0.3, 0.3, 0.3, 0.3, 0.3, 0.3, 0.3, 0.3, 0.3, 0.3, 0.3, 0.3, 0.3, 0.3, 0.3, 0.3, 0.3, 0.3, 0.3, 0.3, 0.3, 0.3, 0.3, 0.3, 0.3, 0.3, 0.3, 0.3, 0.3, 0.3, 0.3]

[[500.0, 0.0], [495.0, 0.0], [490.0, 0.0], [485.0, 0.0], [480.0, 0.0], [475.0, 0.0], [470.0, 0.0], [465.0, 0.0], [460.0, 0.0], [455.0, 0.0], [450.0, 0.4], [445.0, 0.4], [440.0, 0.4], [435.0, 0.4], [430.0, 0.4], [425.0, 0.0], [420.0, 0.0], [415.0, 0.0], [410.0, 0.0], [405.0, 0.0], [400.0, 0.0], [395.0, 0.0], [390.0, 0.4], [385.0, 0.8], [380.0, 1.2], [375.0, 1.6], [370.0, 2.0], [365.0, 2.4], [360.0, 2.4], [355.0, 2.4], [350.0, 2.4], [345.0, 2.4], [340.0, 2.0], [335.0, 1.6], [330.0, 1.2], [325.0, 0.8], [320.0, 0.4], [315.0, 0.0], [310.0, 0.0], [305.0, 0.0], [300.0, 0.0], [295.0, 0.0], [290.0, 0.0], [285.0, 0.0], [280.0, 0.0], [275.0, 0.0], [270.0, 0.0], [265.0, 0.0], [260.0, 0.0], [255.0, 0.0], [250.0, 0.0], [245.0, 0.0], [240.0, 0.0], [235.0, 0.0], [230.0, 0.0], [225.0, 0.0], [220.0, 0.0], [215.0, 0.0], [210.0, 0.0], [205.0, 0.0], [200.0, 0.0], [195.0, 0.0], [190.0, 0.0], [185.0, 0.0], [180.0, 0.0], [175.0, 0.0], [170.0, 0.0], [165.0, 0.0], [160.0, 0.0], [155.0, 0.0], [150.0, 0.0], [145.0, 0.0], [140.0, 0.0], [135.0, 0.0], [130.0, 0.0], [125.0, 0.0], [120.0, 0.0], [115.0, 0.0], [110.0, 0.0], [105.0, 0.0], [100.0, 0.0]]

[1.58, 2.23, 2.73, 3.15, 3.57, 4.0, 4.41, 4.81, 5.23, 5.68, 6.17, 6.71, 7.39, 8.24, 9.25, 10.18, 11.03, 12.04, 13.35, 14.33, 15.04, 15.79, 16.44, 17.06, 17.71, 18.24, 18.68, 19.06, 19.41, 19.74, 20.06, 20.39, 20.73, 21.04, 21.34, 21.62, 21.89, 22.15, 22.4, 22.65, 22.89, 23.13, 23.37, 23.61, 23.85, 24.09, 24.33, 24.57, 24.81, 25.05, 25.29, 25.53, 25.77, 26.01, 26.25, 26.49, 26.73, 26.97, 27.21, 27.45, 27.69, 27.93, 28.17, 28.41, 28.65, 28.89, 29.13, 29.37, 29.61, 29.85, 30.09, 30.33, 30.57, 30.81, 31.05, 31.29, 31.53, 31.77, 32.01, 32.25]









------------------------------------------------------------------------------------------------------------------

C:\Users\Jatin\Desktop\autonomous\src>python optimalPath2obs.py

Position of car = [310,2.4] and velocity = 5.0
car2 = [450.0,0.0] and v= 5.0

[[500.0, 0.0, 0.0, 10.0, 0.0, 3.141592653589793], [495.0, -0.0, 4.0, 11.8322, 0.46, 3.141592653589793], [490.0, -0.0, 4.0, 13.4164, 0.86, 3.141592653589793], [485.0, -0.0, 4.0, 14.8324, 1.21, 3.141592653589793], [480.0, -0.0, 4.0, 16.1245, 1.53, 3.141592653589793], [475.0, -0.0, 3.0, 17.0294, 1.83, 3.141592653589793], [470.0, -0.0, 0.0, 17.0294, 2.12, 3.141592653589793], [465.0, -0.0, 0.0, 17.0294, 2.41, 3.141592653589793], [460.0, -0.0, 0.0, 17.0294, 2.7, 3.141592653589793], [455.0, -0.0, -5.0, 15.4919, 3.01, 3.141592653589793], [450.0, 0.6, -5.0, 13.784, 3.35, 3.0221637275714546], [445.0, 1.2, -1.0, 13.4164, 3.72, 3.0221637275714546], [440.0, 1.8, 4.0, 14.8324, 4.07, 3.0221637275714546], [435.0, 2.4, 4.0, 16.1245, 4.39, 3.0221637275714546], [430.0, 2.4, 3.0, 17.0294, 4.69, 3.141592653589793], [425.0, 2.4, 0.0, 17.0294, 4.98, 3.141592653589793], [420.0, 2.4, 0.0, 17.0294, 5.27, 3.141592653589793], [415.0, 2.4, -5.0, 15.4919, 5.58, 3.141592653589793], [410.0, 1.8, -3.0, 14.4913, 5.91, 3.2610215796081317], [405.0, 1.2, 4.0, 15.8113, 6.24, 3.2610215796081317], [400.0, 0.6, 1.5, 16.2787, 6.55, 3.2610215796081317], [395.0, -0.0, -3.0, 15.3296, 6.87, 3.2610215796081317], [390.0, -0.0, 3.0, 16.2787, 7.19, 3.141592653589793], [385.0, -0.0, 3.0, 17.1754, 7.49, 3.141592653589793], [380.0, -0.0, 3.0, 18.0276, 7.77, 3.141592653589793], [375.0, -0.0, 1.5, 18.4389, 8.04, 3.141592653589793], [370.0, -0.0, -1.0, 18.1657, 8.31, 3.141592653589793], [365.0, -0.0, 1.5, 18.574, 8.58, 3.141592653589793], [360.0, -0.0, 3.0, 19.3647, 8.84, 3.141592653589793], [355.0, -0.0, 3.0, 20.1244, 9.09, 3.141592653589793], [350.0, -0.0, 1.5, 20.4937, 9.34, 3.141592653589793], [345.0, -0.0, 0.0, 20.4937, 9.58, 3.141592653589793], [340.0, -0.0, 0.0, 20.4937, 9.82, 3.141592653589793], [335.0, -0.0, 0.0, 20.4937, 10.06, 3.141592653589793], [330.0, -0.0, 0.0, 20.4937, 10.3, 3.141592653589793], [325.0, -0.0, 0.0, 20.4937, 10.54, 3.141592653589793], [320.0, -0.0, 0.0, 20.4937, 10.78, 3.141592653589793], [315.0, -0.0, 0.0, 20.4937, 11.02, 3.141592653589793], [310.0, -0.0, 0.0, 20.4937, 11.26, 3.141592653589793], [305.0, -0.0, 0.0, 20.4937, 11.5, 3.141592653589793], [300.0, -0.0, 0.0, 20.4937, 11.74, 3.141592653589793], [295.0, -0.0, 0.0, 20.4937, 11.98, 3.141592653589793], [290.0, -0.0, 0.0, 20.4937, 12.22, 3.141592653589793], [285.0, -0.0, 0.0, 20.4937, 12.46, 3.141592653589793], [280.0, -0.0, 0.0, 20.4937, 12.7, 3.141592653589793], [275.0, -0.0, 0.0, 20.4937, 12.94, 3.141592653589793], [270.0, -0.0, 0.0, 20.4937, 13.18, 3.141592653589793], [265.0, -0.0, 0.0, 20.4937, 13.42, 3.141592653589793], [260.0, -0.0, 0.0, 20.4937, 13.66, 3.141592653589793], [255.0, -0.0, 0.0, 20.4937, 13.9, 3.141592653589793], [250.0, -0.0, 0.0, 20.4937, 14.14, 3.141592653589793], [245.0, -0.0, 0.0, 20.4937, 14.38, 3.141592653589793], [240.0, -0.0, 0.0, 20.4937, 14.62, 3.141592653589793], [235.0, -0.0, 0.0, 20.4937, 14.86, 3.141592653589793], [230.0, -0.0, 0.0, 20.4937, 15.1, 3.141592653589793], [225.0, -0.0, 0.0, 20.4937, 15.34, 3.141592653589793], [220.0, -0.0, 0.0, 20.4937, 15.58, 3.141592653589793], [215.0, -0.0, 0.0, 20.4937, 15.82, 3.141592653589793], [210.0, -0.0, 0.0, 20.4937, 16.06, 3.141592653589793], [205.0, -0.0, 0.0, 20.4937, 16.3, 3.141592653589793], [200.0, -0.0, 0.0, 20.4937, 16.54, 3.141592653589793], [195.0, -0.0, 0.0, 20.4937, 16.78, 3.141592653589793], [190.0, -0.0, 0.0, 20.4937, 17.02, 3.141592653589793], [185.0, -0.0, 0.0, 20.4937, 17.26, 3.141592653589793], [180.0, -0.0, 0.0, 20.4937, 17.5, 3.141592653589793], [175.0, -0.0, 0.0, 20.4937, 17.74, 3.141592653589793], [170.0, -0.0, 0.0, 20.4937, 17.98, 3.141592653589793], [165.0, -0.0, 0.0, 20.4937, 18.22, 3.141592653589793], [160.0, -0.0, 0.0, 20.4937, 18.46, 3.141592653589793], [155.0, -0.0, 0.0, 20.4937, 18.7, 3.141592653589793], [150.0, -0.0, 0.0, 20.4937, 18.94, 3.141592653589793], [145.0, -0.0, 0.0, 20.4937, 19.18, 3.141592653589793], [140.0, -0.0, 0.0, 20.4937, 19.42, 3.141592653589793], [135.0, -0.0, 0.0, 20.4937, 19.66, 3.141592653589793], [130.0, -0.0, 0.0, 20.4937, 19.9, 3.141592653589793], [125.0, -0.0, 0.0, 20.4937, 20.14, 3.141592653589793], [120.0, -0.0, 0.0, 20.4937, 20.38, 3.141592653589793], [115.0, -0.0, 0.0, 20.4937, 20.62, 3.141592653589793], [110.0, -0.0, 0.0, 20.4937, 20.86, 3.141592653589793], [105.0, -0.0, 0.0, 20.4937, 21.1, 3.141592653589793], [100.0, -0.0, 0.0, 20.4937, 21.34, 3.141592653589793]]

[0.65, 0.75, 0.85, 0.95, 0.8, 0.2, 0.2, 0.2, -0.4, -0.4, 0.0, 0.85, 0.95, 0.8, 0.2, 0.2, -0.4, -0.2, 0.95, 0.45, -0.2, 0.75, 0.8, 0.9, 0.55, 0.0, 0.55, 0.95, 1.0, 0.65, 0.3, 0.3, 0.3, 0.3, 0.3, 0.3, 0.3, 0.3, 0.3, 0.3, 0.3, 0.3, 0.3, 0.3, 0.3, 0.3, 0.3, 0.3, 0.3, 0.3, 0.3, 0.3, 0.3, 0.3, 0.3, 0.3, 0.3, 0.3, 0.3, 0.3, 0.3, 0.3, 0.3, 0.3, 0.3, 0.3, 0.3, 0.3, 0.3, 0.3, 0.3, 0.3, 0.3, 0.3, 0.3, 0.3, 0.3, 0.3, 0.3, 0.3]

[[500.0, 0.0], [495.0, -0.0], [490.0, -0.0], [485.0, -0.0], [480.0, -0.0], [475.0, -0.0], [470.0, -0.0], [465.0, -0.0], [460.0, -0.0], [455.0, -0.0], [450.0, 0.6], [445.0, 1.2], [440.0, 1.8], [435.0, 2.4], [430.0, 2.4], [425.0, 2.4], [420.0, 2.4], [415.0, 2.4], [410.0, 1.8], [405.0, 1.2], [400.0, 0.6], [395.0, -0.0], [390.0, -0.0], [385.0, -0.0], [380.0, -0.0], [375.0, -0.0], [370.0, -0.0], [365.0, -0.0], [360.0, -0.0], [355.0, -0.0], [350.0, -0.0], [345.0, -0.0], [340.0, -0.0], [335.0, -0.0], [330.0, -0.0], [325.0, -0.0], [320.0, -0.0], [315.0, -0.0], [310.0, -0.0], [305.0, -0.0], [300.0, -0.0], [295.0, -0.0], [290.0, -0.0], [285.0, -0.0], [280.0, -0.0], [275.0, -0.0], [270.0, -0.0], [265.0, -0.0], [260.0, -0.0], [255.0, -0.0], [250.0, -0.0], [245.0, -0.0], [240.0, -0.0], [235.0, -0.0], [230.0, -0.0], [225.0, -0.0], [220.0, -0.0], [215.0, -0.0], [210.0, -0.0], [205.0, -0.0], [200.0, -0.0], [195.0, -0.0], [190.0, -0.0], [185.0, -0.0], [180.0, -0.0], [175.0, -0.0], [170.0, -0.0], [165.0, -0.0], [160.0, -0.0], [155.0, -0.0], [150.0, -0.0], [145.0, -0.0], [140.0, -0.0], [135.0, -0.0], [130.0, -0.0], [125.0, -0.0], [120.0, -0.0], [115.0, -0.0], [110.0, -0.0], [105.0, -0.0], [100.0, -0.0]]

[0.46, 0.86, 1.21, 1.53, 1.83, 2.12, 2.41, 2.7, 3.01, 3.35, 3.72, 4.07, 4.39, 4.69, 4.98, 5.27, 5.58, 5.91, 6.24, 6.55, 6.87, 7.19, 7.49, 7.77, 8.04, 8.31, 8.58, 8.84, 9.09, 9.34, 9.58, 9.82, 10.06, 10.3, 10.54, 10.78, 11.02, 11.26, 11.5, 11.74, 11.98, 12.22, 12.46, 12.7, 12.94, 13.18, 13.42, 13.66, 13.9, 14.14, 14.38, 14.62, 14.86, 15.1, 15.34, 15.58, 15.82, 16.06, 16.3, 16.54, 16.78, 17.02, 17.26, 17.5, 17.74, 17.98, 18.22, 18.46, 18.7, 18.94, 19.18, 19.42, 19.66, 19.9, 20.14, 20.38, 20.62, 20.86, 21.1, 21.34]


-------------------------------------------------------------------------------------------------------------

Incoming: [350.0,2.4] v= 5
Outgoing: [450.0, 0.0] v=5

[[500.0, 0.0, 0.0, 10.0, 0.0, 3.141592653589793], [495.0, -0.0, 4.0, 11.8322, 0.46, 3.141592653589793], [490.0, -0.0, 4.0, 13.4164, 0.86, 3.141592653589793], [485.0, -0.0, 4.0, 14.8324, 1.21, 3.141592653589793], [480.0, -0.0, 4.0, 16.1245, 1.53, 3.141592653589793], [475.0, -0.0, 3.0, 17.0294, 1.83, 3.141592653589793], [470.0, -0.0, 0.0, 17.0294, 2.12, 3.141592653589793], [465.0, -0.0, 0.0, 17.0294, 2.41, 3.141592653589793], [460.0, -0.0, 0.0, 17.0294, 2.7, 3.141592653589793], [455.0, -0.0, -5.0, 15.4919, 3.01, 3.141592653589793], [450.0, 0.6, -5.0, 13.784, 3.35, 3.0221637275714546], [445.0, 1.2, -1.0, 13.4164, 3.72, 3.0221637275714546], [440.0, 1.8, 4.0, 14.8324, 4.07, 3.0221637275714546], [435.0, 2.4, 4.0, 16.1245, 4.39, 3.0221637275714546], [430.0, 2.4, 3.0, 17.0294, 4.69, 3.141592653589793], [425.0, 2.4, 0.0, 17.0294, 4.98, 3.141592653589793], [420.0, 2.4, 0.0, 17.0294, 5.27, 3.141592653589793], [415.0, 2.4, -5.0, 15.4919, 5.58, 3.141592653589793], [410.0, 1.8, -3.0, 14.4913, 5.91, 3.2610215796081317], [405.0, 1.2, 4.0, 15.8113, 6.24, 3.2610215796081317], [400.0, 0.6, 1.5, 16.2787, 6.55, 3.2610215796081317], [395.0, -0.0, -3.0, 15.3296, 6.87, 3.2610215796081317], [390.0, -0.0, 3.0, 16.2787, 7.19, 3.141592653589793], [385.0, -0.0, 3.0, 17.1754, 7.49, 3.141592653589793], [380.0, -0.0, 3.0, 18.0276, 7.77, 3.141592653589793], [375.0, -0.0, 1.5, 18.4389, 8.04, 3.141592653589793], [370.0, -0.0, -1.0, 18.1657, 8.31, 3.141592653589793], [365.0, -0.0, 1.5, 18.574, 8.58, 3.141592653589793], [360.0, -0.0, 3.0, 19.3647, 8.84, 3.141592653589793], [355.0, -0.0, 3.0, 20.1244, 9.09, 3.141592653589793], [350.0, -0.0, 1.5, 20.4937, 9.34, 3.141592653589793], [345.0, -0.0, 0.0, 20.4937, 9.58, 3.141592653589793], [340.0, -0.0, 0.0, 20.4937, 9.82, 3.141592653589793], [335.0, -0.0, 0.0, 20.4937, 10.06, 3.141592653589793], [330.0, -0.0, 0.0, 20.4937, 10.3, 3.141592653589793], [325.0, -0.0, 0.0, 20.4937, 10.54, 3.141592653589793], [320.0, -0.0, 0.0, 20.4937, 10.78, 3.141592653589793], [315.0, -0.0, 0.0, 20.4937, 11.02, 3.141592653589793], [310.0, -0.0, 0.0, 20.4937, 11.26, 3.141592653589793], [305.0, -0.0, 0.0, 20.4937, 11.5, 3.141592653589793], [300.0, -0.0, 0.0, 20.4937, 11.74, 3.141592653589793], [295.0, -0.0, 0.0, 20.4937, 11.98, 3.141592653589793], [290.0, -0.0, 0.0, 20.4937, 12.22, 3.141592653589793], [285.0, -0.0, 0.0, 20.4937, 12.46, 3.141592653589793], [280.0, -0.0, 0.0, 20.4937, 12.7, 3.141592653589793], [275.0, -0.0, 0.0, 20.4937, 12.94, 3.141592653589793], [270.0, -0.0, 0.0, 20.4937, 13.18, 3.141592653589793], [265.0, -0.0, 0.0, 20.4937, 13.42, 3.141592653589793], [260.0, -0.0, 0.0, 20.4937, 13.66, 3.141592653589793], [255.0, -0.0, 0.0, 20.4937, 13.9, 3.141592653589793], [250.0, -0.0, 0.0, 20.4937, 14.14, 3.141592653589793], [245.0, -0.0, 0.0, 20.4937, 14.38, 3.141592653589793], [240.0, -0.0, 0.0, 20.4937, 14.62, 3.141592653589793], [235.0, -0.0, 0.0, 20.4937, 14.86, 3.141592653589793], [230.0, -0.0, 0.0, 20.4937, 15.1, 3.141592653589793], [225.0, -0.0, 0.0, 20.4937, 15.34, 3.141592653589793], [220.0, -0.0, 0.0, 20.4937, 15.58, 3.141592653589793], [215.0, -0.0, 0.0, 20.4937, 15.82, 3.141592653589793], [210.0, -0.0, 0.0, 20.4937, 16.06, 3.141592653589793], [205.0, -0.0, 0.0, 20.4937, 16.3, 3.141592653589793], [200.0, -0.0, 0.0, 20.4937, 16.54, 3.141592653589793], [195.0, -0.0, 0.0, 20.4937, 16.78, 3.141592653589793], [190.0, -0.0, 0.0, 20.4937, 17.02, 3.141592653589793], [185.0, -0.0, 0.0, 20.4937, 17.26, 3.141592653589793], [180.0, -0.0, 0.0, 20.4937, 17.5, 3.141592653589793], [175.0, -0.0, 0.0, 20.4937, 17.74, 3.141592653589793], [170.0, -0.0, 0.0, 20.4937, 17.98, 3.141592653589793], [165.0, -0.0, 0.0, 20.4937, 18.22, 3.141592653589793], [160.0, -0.0, 0.0, 20.4937, 18.46, 3.141592653589793], [155.0, -0.0, 0.0, 20.4937, 18.7, 3.141592653589793], [150.0, -0.0, 0.0, 20.4937, 18.94, 3.141592653589793], [145.0, -0.0, 0.0, 20.4937, 19.18, 3.141592653589793], [140.0, -0.0, 0.0, 20.4937, 19.42, 3.141592653589793], [135.0, -0.0, 0.0, 20.4937, 19.66, 3.141592653589793], [130.0, -0.0, 0.0, 20.4937, 19.9, 3.141592653589793], [125.0, -0.0, 0.0, 20.4937, 20.14, 3.141592653589793], [120.0, -0.0, 0.0, 20.4937, 20.38, 3.141592653589793], [115.0, -0.0, 0.0, 20.4937, 20.62, 3.141592653589793], [110.0, -0.0, 0.0, 20.4937, 20.86, 3.141592653589793], [105.0, -0.0, 0.0, 20.4937, 21.1, 3.141592653589793], [100.0, -0.0, 0.0, 20.4937, 21.34, 3.141592653589793]]

[0.65, 0.75, 0.85, 0.95, 0.8, 0.2, 0.2, 0.2, -0.4, -0.4, 0.0, 0.85, 0.95, 0.8, 0.2, 0.2, -0.4, -0.2, 0.95, 0.45, -0.2, 0.75, 0.8, 0.9, 0.55, 0.0, 0.55, 0.95, 1.0, 0.65, 0.3, 0.3, 0.3, 0.3, 0.3, 0.3, 0.3, 0.3, 0.3, 0.3, 0.3, 0.3, 0.3, 0.3, 0.3, 0.3, 0.3, 0.3, 0.3, 0.3, 0.3, 0.3, 0.3, 0.3, 0.3, 0.3, 0.3, 0.3, 0.3, 0.3, 0.3, 0.3, 0.3, 0.3, 0.3, 0.3, 0.3, 0.3, 0.3, 0.3, 0.3, 0.3, 0.3, 0.3, 0.3, 0.3, 0.3, 0.3, 0.3, 0.3]

[[500.0, 0.0], [495.0, -0.0], [490.0, -0.0], [485.0, -0.0], [480.0, -0.0], [475.0, -0.0], [470.0, -0.0], [465.0, -0.0], [460.0, -0.0], [455.0, -0.0], [450.0, 0.6], [445.0, 1.2], [440.0, 1.8], [435.0, 2.4], [430.0, 2.4], [425.0, 2.4], [420.0, 2.4], [415.0, 2.4], [410.0, 1.8], [405.0, 1.2], [400.0, 0.6], [395.0, -0.0], [390.0, -0.0], [385.0, -0.0], [380.0, -0.0], [375.0, -0.0], [370.0, -0.0], [365.0, -0.0], [360.0, -0.0], [355.0, -0.0], [350.0, -0.0], [345.0, -0.0], [340.0, -0.0], [335.0, -0.0], [330.0, -0.0], [325.0, -0.0], [320.0, -0.0], [315.0, -0.0], [310.0, -0.0], [305.0, -0.0], [300.0, -0.0], [295.0, -0.0], [290.0, -0.0], [285.0, -0.0], [280.0, -0.0], [275.0, -0.0], [270.0, -0.0], [265.0, -0.0], [260.0, -0.0], [255.0, -0.0], [250.0, -0.0], [245.0, -0.0], [240.0, -0.0], [235.0, -0.0], [230.0, -0.0], [225.0, -0.0], [220.0, -0.0], [215.0, -0.0], [210.0, -0.0], [205.0, -0.0], [200.0, -0.0], [195.0, -0.0], [190.0, -0.0], [185.0, -0.0], [180.0, -0.0], [175.0, -0.0], [170.0, -0.0], [165.0, -0.0], [160.0, -0.0], [155.0, -0.0], [150.0, -0.0], [145.0, -0.0], [140.0, -0.0], [135.0, -0.0], [130.0, -0.0], [125.0, -0.0], [120.0, -0.0], [115.0, -0.0], [110.0, -0.0], [105.0, -0.0], [100.0, -0.0]]

[0.46, 0.86, 1.21, 1.53, 1.83, 2.12, 2.41, 2.7, 3.01, 3.35, 3.72, 4.07, 4.39, 4.69, 4.98, 5.27, 5.58, 5.91, 6.24, 6.55, 6.87, 7.19, 7.49, 7.77, 8.04, 8.31, 8.58, 8.84, 9.09, 9.34, 9.58, 9.82, 10.06, 10.3, 10.54, 10.78, 11.02, 11.26, 11.5, 11.74, 11.98, 12.22, 12.46, 12.7, 12.94, 13.18, 13.42, 13.66, 13.9, 14.14, 14.38, 14.62, 14.86, 15.1, 15.34, 15.58, 15.82, 16.06, 16.3, 16.54, 16.78, 17.02, 17.26, 17.5, 17.74, 17.98, 18.22, 18.46, 18.7, 18.94, 19.18, 19.42, 19.66, 19.9, 20.14, 20.38, 20.62, 20.86, 21.1, 21.34]


------------------------------------------------------------------------------------------------------------------------
incoming = [370.0, 0.0] and velocity = 5
outgoing = [450.0, 0.0] and v=5

[[500.0, 0.0, 0.0, 10.0, 0.0, 3.141592653589793], [495.0, -0.0, 4.0, 11.8322, 0.46, 3.141592653589793], [490.0, -0.0, 4.0, 13.4164, 0.86, 3.141592653589793], [485.0, -0.0, 0.0, 13.4164, 1.23, 3.141592653589793], [480.0, -0.0, -3.0, 12.2474, 1.62, 3.141592653589793], [475.0, -0.0, -1.0, 11.8321, 2.04, 3.141592653589793], [470.0, -0.0, -3.0, 10.488, 2.49, 3.141592653589793], [465.0, -0.0, -1.0, 9.9999, 2.98, 3.141592653589793], [460.0, -0.0, -3.0, 8.3665, 3.52, 3.141592653589793], [455.0, -0.0, -3.0, 6.3244, 4.2, 3.141592653589793], [450.0, -0.0, 0.0, 6.3244, 4.99, 3.141592653589793], [445.0, -0.0, -1.0, 5.477, 5.84, 3.141592653589793], [440.0, -0.0, -1.0, 4.4719, 6.85, 3.141592653589793], [435.0, -0.0, -1.0, 3.1619, 8.16, 3.141592653589793], [430.0, -0.0, 4.0, 7.0709, 9.14, 3.141592653589793], [425.0, -0.0, 4.0, 9.4867, 9.74, 3.141592653589793], [420.0, -0.0, 4.0, 11.4016, 10.22, 3.141592653589793], [415.0, -0.0, 1.0, 11.832, 10.65, 3.141592653589793], [410.0, 0.6, -3.0, 10.4879, 11.1, 3.0221637275714546], [405.0, 1.2, 4.0, 12.2473, 11.54, 3.0221637275714546], [400.0, 1.8, 4.0, 13.7839, 11.92, 3.0221637275714546], [395.0, 2.4, 4.0, 15.1656, 12.27, 3.0221637275714546], [390.0, 2.4, 3.0, 16.1244, 12.59, 3.141592653589793], [385.0, 2.4, 3.0, 17.0293, 12.89, 3.141592653589793], [380.0, 2.4, 0.0, 17.0293, 13.18, 3.141592653589793], [375.0, 2.4, -3.0, 16.1244, 13.48, 3.141592653589793], [370.0, 1.8, -5.0, 14.4912, 13.81, 3.2610215796081317], [365.0, 1.2, 4.0, 15.8112, 14.14, 3.2610215796081317], [360.0, 0.6, 1.5, 16.2786, 14.45, 3.2610215796081317], [355.0, -0.0, 0.0, 16.2786, 14.76, 3.2610215796081317], [350.0, -0.0, 1.5, 16.733, 15.06, 3.141592653589793], [345.0, -0.0, 1.5, 17.1754, 15.35, 3.141592653589793], [340.0, -0.0, 3.0, 18.0276, 15.63, 3.141592653589793], [335.0, -0.0, 1.5, 18.4389, 15.9, 3.141592653589793], [330.0, -0.0, 3.0, 19.2352, 16.17, 3.141592653589793], [325.0, -0.0, 3.0, 19.9998, 16.42, 3.141592653589793], [320.0, -0.0, 1.5, 20.3714, 16.67, 3.141592653589793], [315.0, -0.0, 1.5, 20.7363, 16.91, 3.141592653589793], [310.0, -0.0, 0.0, 20.7363, 17.15, 3.141592653589793], [305.0, -0.0, -1.0, 20.4938, 17.39, 3.141592653589793], [300.0, -0.0, 0.0, 20.4938, 17.63, 3.141592653589793], [295.0, -0.0, 0.0, 20.4938, 17.87, 3.141592653589793], [290.0, -0.0, 0.0, 20.4938, 18.11, 3.141592653589793], [285.0, -0.0, 0.0, 20.4938, 18.35, 3.141592653589793], [280.0, -0.0, 0.0, 20.4938, 18.59, 3.141592653589793], [275.0, -0.0, 0.0, 20.4938, 18.83, 3.141592653589793], [270.0, -0.0, 0.0, 20.4938, 19.07, 3.141592653589793], [265.0, -0.0, 0.0, 20.4938, 19.31, 3.141592653589793], [260.0, -0.0, 0.0, 20.4938, 19.55, 3.141592653589793], [255.0, -0.0, 0.0, 20.4938, 19.79, 3.141592653589793], [250.0, -0.0, 0.0, 20.4938, 20.03, 3.141592653589793], [245.0, -0.0, 0.0, 20.4938, 20.27, 3.141592653589793], [240.0, -0.0, 0.0, 20.4938, 20.51, 3.141592653589793], [235.0, -0.0, 0.0, 20.4938, 20.75, 3.141592653589793], [230.0, -0.0, 0.0, 20.4938, 20.99, 3.141592653589793], [225.0, -0.0, 0.0, 20.4938, 21.23, 3.141592653589793], [220.0, -0.0, 0.0, 20.4938, 21.47, 3.141592653589793], [215.0, -0.0, 0.0, 20.4938, 21.71, 3.141592653589793], [210.0, -0.0, 0.0, 20.4938, 21.95, 3.141592653589793], [205.0, -0.0, 0.0, 20.4938, 22.19, 3.141592653589793], [200.0, -0.0, 0.0, 20.4938, 22.43, 3.141592653589793], [195.0, -0.0, 0.0, 20.4938, 22.67, 3.141592653589793], [190.0, -0.0, 0.0, 20.4938, 22.91, 3.141592653589793], [185.0, -0.0, 0.0, 20.4938, 23.15, 3.141592653589793], [180.0, -0.0, 0.0, 20.4938, 23.39, 3.141592653589793], [175.0, -0.0, 0.0, 20.4938, 23.63, 3.141592653589793], [170.0, -0.0, 0.0, 20.4938, 23.87, 3.141592653589793], [165.0, -0.0, 0.0, 20.4938, 24.11, 3.141592653589793], [160.0, -0.0, 0.0, 20.4938, 24.35, 3.141592653589793], [155.0, -0.0, 0.0, 20.4938, 24.59, 3.141592653589793], [150.0, -0.0, 0.0, 20.4938, 24.83, 3.141592653589793], [145.0, -0.0, 0.0, 20.4938, 25.07, 3.141592653589793], [140.0, -0.0, 0.0, 20.4938, 25.31, 3.141592653589793], [135.0, -0.0, 0.0, 20.4938, 25.55, 3.141592653589793], [130.0, -0.0, 0.0, 20.4938, 25.79, 3.141592653589793], [125.0, -0.0, 0.0, 20.4938, 26.03, 3.141592653589793], [120.0, -0.0, 0.0, 20.4938, 26.27, 3.141592653589793], [115.0, -0.0, 0.0, 20.4938, 26.51, 3.141592653589793], [110.0, -0.0, 0.0, 20.4938, 26.75, 3.141592653589793], [105.0, -0.0, 0.0, 20.4938, 26.99, 3.141592653589793], [100.0, -0.0, 0.0, 20.4938, 27.23, 3.141592653589793]]

[0.65, 0.75, 0.1, -0.2, 0.0, -0.2, 0.0, -0.2, -0.2, 0.05, -0.1, -0.1, -0.1, 0.5, 0.55, 0.6, 0.25, -0.2, 0.65, 0.8, 0.85, 0.75, 0.8, 0.2, -0.2, -0.4, 0.95, 0.45, 0.2, 0.5, 0.5, 0.9, 0.55, 0.95, 1.0, 0.65, 0.65, 0.3, 0.0, 0.3, 0.3, 0.3, 0.3, 0.3, 0.3, 0.3, 0.3, 0.3, 0.3, 0.3, 0.3, 0.3, 0.3, 0.3, 0.3, 0.3, 0.3, 0.3, 0.3, 0.3, 0.3, 0.3, 0.3, 0.3, 0.3, 0.3, 0.3, 0.3, 0.3, 0.3, 0.3, 0.3, 0.3, 0.3, 0.3, 0.3, 0.3, 0.3, 0.3, 0.3]

[[500.0, 0.0], [495.0, -0.0], [490.0, -0.0], [485.0, -0.0], [480.0, -0.0], [475.0, -0.0], [470.0, -0.0], [465.0, -0.0], [460.0, -0.0], [455.0, -0.0], [450.0, -0.0], [445.0, -0.0], [440.0, -0.0], [435.0, -0.0], [430.0, -0.0], [425.0, -0.0], [420.0, -0.0], [415.0, -0.0], [410.0, 0.6], [405.0, 1.2], [400.0, 1.8], [395.0, 2.4], [390.0, 2.4], [385.0, 2.4], [380.0, 2.4], [375.0, 2.4], [370.0, 1.8], [365.0, 1.2], [360.0, 0.6], [355.0, -0.0], [350.0, -0.0], [345.0, -0.0], [340.0, -0.0], [335.0, -0.0], [330.0, -0.0], [325.0, -0.0], [320.0, -0.0], [315.0, -0.0], [310.0, -0.0], [305.0, -0.0], [300.0, -0.0], [295.0, -0.0], [290.0, -0.0], [285.0, -0.0], [280.0, -0.0], [275.0, -0.0], [270.0, -0.0], [265.0, -0.0], [260.0, -0.0], [255.0, -0.0], [250.0, -0.0], [245.0, -0.0], [240.0, -0.0], [235.0, -0.0], [230.0, -0.0], [225.0, -0.0], [220.0, -0.0], [215.0, -0.0], [210.0, -0.0], [205.0, -0.0], [200.0, -0.0], [195.0, -0.0], [190.0, -0.0], [185.0, -0.0], [180.0, -0.0], [175.0, -0.0], [170.0, -0.0], [165.0, -0.0], [160.0, -0.0], [155.0, -0.0], [150.0, -0.0], [145.0, -0.0], [140.0, -0.0], [135.0, -0.0], [130.0, -0.0], [125.0, -0.0], [120.0, -0.0], [115.0, -0.0], [110.0, -0.0], [105.0, -0.0], [100.0, -0.0]]

[0.46, 0.86, 1.23, 1.62, 2.04, 2.49, 2.98, 3.52, 4.2, 4.99, 5.84, 6.85, 8.16, 9.14, 9.74, 10.22, 10.65, 11.1, 11.54, 11.92, 12.27, 12.59, 12.89, 13.18, 13.48, 13.81, 14.14, 14.45, 14.76, 15.06, 15.35, 15.63, 15.9, 16.17, 16.42, 16.67, 16.91, 17.15, 17.39, 17.63, 17.87, 18.11, 18.35, 18.59, 18.83, 19.07, 19.31, 19.55, 19.79, 20.03, 20.27, 20.51, 20.75, 20.99, 21.23, 21.47, 21.71, 21.95, 22.19, 22.43, 22.67, 22.91, 23.15, 23.39, 23.63, 23.87, 24.11, 24.35, 24.59, 24.83, 25.07, 25.31, 25.55, 25.79, 26.03, 26.27, 26.51, 26.75, 26.99, 27.23]