C:\Users\Jatin\Desktop\autonomous\src>python optimalPath.py  (for speed 10)
[[500.0, 0.0, 0.0, 0.0, 0.0, 3.141592653589793], [495.0, 0.0, 4.0, 6.3246, 1.58], [490.0, 0.0, 4.0, 8.9443, 2.23], [485.0, 0.0, 4.0, 10.9545, 2.73], [480.0, 0.0, 4.0, 12.6492, 3.15], [475.0, 0.0, 4.0, 14.1422, 3.52], [470.0, 0.0, 4.0, 15.492, 3.86], [465.0, 0.0, 3.0, 16.4317, 4.17], [460.0, 0.0, 0.0, 16.4317, 4.47], [455.0, 0.0, 0.0, 16.4317, 4.77], [450.0, 0.0, 0.0, 16.4317, 5.07], [445.0, 0.0, 0.0, 16.4317, 5.37], [440.0, 0.0, 0.0, 16.4317, 5.67], [435.0, 0.0, 0.0, 16.4317, 5.97], [430.0, 0.0, 0.0, 16.4317, 6.27], [425.0, 0.0, 0.0, 16.4317, 6.57], [420.0, 0.0, 0.0, 16.4317, 6.87], [415.0, 0.0, 0.0, 16.4317, 7.17], [410.0, 0.0, 0.0, 16.4317, 7.47], [405.0, 0.0, 0.0, 16.4317, 7.77], [400.0, 0.0, 0.0, 16.4317, 8.07], [395.0, 0.0, 0.0, 16.4317, 8.37], [390.0, 0.0, -5.0, 14.8324, 8.69], [385.0, 0.0, -3.0, 13.7841, 9.04], [380.0, 0.0, -3.0, 12.6492, 9.42], [375.0, 0.4, -3.0, 11.4019, 9.84], [370.0, 0.8, 4.0, 13.0385, 10.25], [365.0, 1.2, 4.0, 14.4915, 10.61], [360.0, 1.6, 0.0, 14.4915, 10.96], [355.0, 2.0, 4.0, 15.8115, 11.29], [350.0, 2.4, 1.5, 16.2789, 11.6], [345.0, 2.4, 1.5, 16.7333, 11.9], [340.0, 2.4, 1.5, 17.1757, 12.19], [335.0, 2.4, 3.0, 18.0279, 12.47], [330.0, 2.4, 1.5, 18.4392, 12.74], [325.0, 2.4, -1.0, 18.166, 13.01], [320.0, 2.4, 1.5, 18.5743, 13.28], [315.0, 2.4, 3.0, 19.365, 13.54], [310.0, 2.4, 3.0, 20.1247, 13.79], [305.0, 2.4, 1.5, 20.494, 14.04], [300.0, 2.4, 0.0, 20.494, 14.28], [295.0, 2.4, 0.0, 20.494, 14.52], [290.0, 2.4, 0.0, 20.494, 14.76], [285.0, 2.4, 0.0, 20.494, 15.0], [280.0, 2.4, 0.0, 20.494, 15.24], [275.0, 2.4, 0.0, 20.494, 15.48], [270.0, 2.0, -5.0, 19.2355, 15.73], [265.0, 1.6, 3.0, 20.0001, 15.98], [260.0, 1.2, 1.5, 20.3716, 16.23], [255.0, 0.8, 1.5, 20.7365, 16.47], [250.0, 0.4, 0.0, 20.7365, 16.71], [245.0, 0.0, -1.0, 20.494, 16.95], [240.0, 0.0, 0.0, 20.494, 17.19], [235.0, 0.0, 0.0, 20.494, 17.43], [230.0, 0.0, 0.0, 20.494, 17.67], [225.0, 0.0, 0.0, 20.494, 17.91], [220.0, 0.0, 0.0, 20.494, 18.15], [215.0, 0.0, 0.0, 20.494, 18.39], [210.0, 0.0, 0.0, 20.494, 18.63], [205.0, 0.0, 0.0, 20.494, 18.87], [200.0, 0.0, 0.0, 20.494, 19.11], [195.0, 0.0, 0.0, 20.494, 19.35], [190.0, 0.0, 0.0, 20.494, 19.59], [185.0, 0.0, 0.0, 20.494, 19.83], [180.0, 0.0, 0.0, 20.494, 20.07], [175.0, 0.0, 0.0, 20.494, 20.31], [170.0, 0.0, 0.0, 20.494, 20.55], [165.0, 0.0, 0.0, 20.494, 20.79], [160.0, 0.0, 0.0, 20.494, 21.03], [155.0, 0.0, 0.0, 20.494, 21.27], [150.0, 0.0, 0.0, 20.494, 21.51], [145.0, 0.0, 0.0, 20.494, 21.75], [140.0, 0.0, 0.0, 20.494, 21.99], [135.0, 0.0, 0.0, 20.494, 22.23], [130.0, 0.0, 0.0, 20.494, 22.47], [125.0, 0.0, 0.0, 20.494, 22.71], [120.0, 0.0, 0.0, 20.494, 22.95], [115.0, 0.0, 0.0, 20.494, 23.19], [110.0, 0.0, 0.0, 20.494, 23.43], [105.0, 0.0, 0.0, 20.494, 23.67]]

[0.5, 0.5, 0.6, 0.7, 0.8, 0.9, 0.8, 0.2, 0.2, 0.2, 0.2, 0.2, 0.2, 0.2, 0.2, 0.2, 0.2, 0.2, 0.2, 0.2, 0.2, -0.4, -0.2, -0.2, -0.2, 0.7, 0.85, 0.1, 0.95, 0.45, 0.5, 0.5, 0.9, 0.55, 0.0, 0.55, 0.95, 1.0, 0.65, 0.3, 0.3, 0.3, 0.3, 0.3, 0.3, -0.3, 1.0, 0.65, 0.65, 0.3, 0.0, 0.3, 0.3, 0.3, 0.3, 0.3, 0.3, 0.3, 0.3, 0.3, 0.3, 0.3, 0.3, 0.3, 0.3, 0.3, 0.3, 0.3, 0.3, 0.3, 0.3, 0.3, 0.3, 0.3, 0.3, 0.3, 0.3, 0.3, 0.3]

[[500.0, 0.0], [495.0, 0.0], [490.0, 0.0], [485.0, 0.0], [480.0, 0.0], [475.0, 0.0], [470.0, 0.0], [465.0, 0.0], [460.0, 0.0], [455.0, 0.0], [450.0, 0.0], [445.0, 0.0], [440.0, 0.0], [435.0, 0.0], [430.0, 0.0], [425.0, 0.0], [420.0, 0.0], [415.0, 0.0], [410.0, 0.0], [405.0, 0.0], [400.0, 0.0], [395.0, 0.0], [390.0, 0.0], [385.0, 0.0], [380.0, 0.0], [375.0, 0.4], [370.0, 0.8], [365.0, 1.2], [360.0, 1.6], [355.0, 2.0], [350.0, 2.4], [345.0, 2.4], [340.0, 2.4], [335.0, 2.4], [330.0, 2.4], [325.0, 2.4], [320.0, 2.4], [315.0, 2.4], [310.0, 2.4], [305.0, 2.4], [300.0, 2.4], [295.0, 2.4], [290.0, 2.4], [285.0, 2.4], [280.0, 2.4], [275.0, 2.4], [270.0, 2.0], [265.0, 1.6], [260.0, 1.2], [255.0, 0.8], [250.0, 0.4], [245.0, 0.0], [240.0, 0.0], [235.0, 0.0], [230.0, 0.0], [225.0, 0.0], [220.0, 0.0], [215.0, 0.0], [210.0, 0.0], [205.0, 0.0], [200.0, 0.0], [195.0, 0.0], [190.0, 0.0], [185.0, 0.0], [180.0, 0.0], [175.0, 0.0], [170.0, 0.0], [165.0, 0.0], [160.0, 0.0], [155.0, 0.0], [150.0, 0.0], [145.0, 0.0], [140.0, 0.0], [135.0, 0.0], [130.0, 0.0], [125.0, 0.0], [120.0, 0.0], [115.0, 0.0], [110.0, 0.0], [105.0, 0.0]]

[1.58, 2.23, 2.73, 3.15, 3.52, 3.86, 4.17, 4.47, 4.77, 5.07, 5.37, 5.67, 5.97, 6.27, 6.57, 6.87, 7.17, 7.47, 7.77, 8.07, 8.37, 8.69, 9.04, 9.42, 9.84, 10.25, 10.61, 10.96, 11.29, 11.6, 11.9, 12.19, 12.47, 12.74, 13.01, 13.28, 13.54, 13.79, 14.04, 14.28, 14.52, 14.76, 15.0, 15.24, 15.48, 15.73, 15.98, 16.23, 16.47, 16.71, 16.95, 17.19, 17.43, 17.67, 17.91, 18.15, 18.39, 18.63, 18.87, 19.11, 19.35, 19.59, 19.83, 20.07, 20.31, 20.55, 20.79, 21.03, 21.27, 21.51, 21.75, 21.99, 22.23, 22.47, 22.71, 22.95, 23.19, 23.43, 23.67]

C:\Users\Jatin\Desktop\autonomous\src>python optimalPath.py
[[500.0, 0.0, 0.0, 0.0, 0.0, 3.141592653589793], [495.0, 0.0, 4.0, 6.3246, 1.58], [490.0, 0.0, 4.0, 8.9443, 2.23], [485.0, 0.0, 4.0, 10.9545, 2.73], [480.0, 0.0, 4.0, 12.6492, 3.15], [475.0, 0.0, 4.0, 14.1422, 3.52], [470.0, 0.0, 4.0, 15.492, 3.86], [465.0, 0.0, 3.0, 16.4317, 4.17], [460.0, 0.0, 0.0, 16.4317, 4.47], [455.0, 0.0, 0.0, 16.4317, 4.77], [450.0, 0.0, 0.0, 16.4317, 5.07], [445.0, 0.0, 0.0, 16.4317, 5.37], [440.0, 0.0, 0.0, 16.4317, 5.67], [435.0, 0.0, 0.0, 16.4317, 5.97], [430.0, 0.0, 0.0, 16.4317, 6.27], [425.0, 0.0, 0.0, 16.4317, 6.57], [420.0, 0.0, 0.0, 16.4317, 6.87], [415.0, 0.0, 0.0, 16.4317, 7.17], [410.0, 0.0, 0.0, 16.4317, 7.47], [405.0, 0.0, 0.0, 16.4317, 7.77], [400.0, 0.0, 0.0, 16.4317, 8.07], [395.0, 0.0, 0.0, 16.4317, 8.37], [390.0, 0.0, 0.0, 16.4317, 8.67], [385.0, 0.0, 0.0, 16.4317, 8.97], [380.0, 0.0, -5.0, 14.8324, 9.29], [375.0, 0.0, -3.0, 13.7841, 9.64], [370.0, 0.0, -3.0, 12.6492, 10.02], [365.0, 0.0, -3.0, 11.4019, 10.44], [360.0, 0.0, -1.0, 10.9546, 10.89], [355.0, 0.4, -3.0, 9.487, 11.38], [350.0, 0.8, 4.0, 11.4019, 11.86], [345.0, 1.2, 2.0, 12.2476, 12.28], [340.0, 1.6, -1.0, 11.8323, 12.7], [335.0, 2.0, 4.0, 13.4165, 13.1], [330.0, 2.4, 4.0, 14.8325, 13.45], [325.0, 2.4, 4.0, 16.1246, 13.77], [320.0, 2.4, 3.0, 17.0295, 14.07], [315.0, 2.4, 0.0, 17.0295, 14.36], [310.0, 2.4, 0.0, 17.0295, 14.65], [305.0, 2.4, 0.0, 17.0295, 14.94], [300.0, 2.4, 0.0, 17.0295, 15.23], [295.0, 2.4, 0.0, 17.0295, 15.52], [290.0, 2.4, 0.0, 17.0295, 15.81], [285.0, 2.4, 0.0, 17.0295, 16.1], [280.0, 2.4, 0.0, 17.0295, 16.39], [275.0, 2.4, 0.0, 17.0295, 16.68], [270.0, 2.4, 0.0, 17.0295, 16.97], [265.0, 2.4, 0.0, 17.0295, 17.26], [260.0, 2.0, -5.0, 15.4921, 17.57], [255.0, 1.6, -3.0, 14.4916, 17.9], [250.0, 1.2, -1.0, 14.1424, 18.25], [245.0, 0.8, 4.0, 15.4922, 18.59], [240.0, 0.4, 3.0, 16.4319, 18.9], [235.0, 0.0, 0.0, 16.4319, 19.2], [230.0, 0.0, 0.0, 16.4319, 19.5], [225.0, 0.0, 0.0, 16.4319, 19.8], [220.0, 0.0, 0.0, 16.4319, 20.1], [215.0, 0.0, 0.0, 16.4319, 20.4], [210.0, 0.0, 0.0, 16.4319, 20.7], [205.0, 0.0, 0.0, 16.4319, 21.0], [200.0, 0.0, 0.0, 16.4319, 21.3], [195.0, 0.0, 0.0, 16.4319, 21.6], [190.0, 0.0, 0.0, 16.4319, 21.9], [185.0, 0.0, 0.0, 16.4319, 22.2], [180.0, 0.0, 0.0, 16.4319, 22.5], [175.0, 0.0, 0.0, 16.4319, 22.8], [170.0, 0.0, 0.0, 16.4319, 23.1], [165.0, 0.0, 0.0, 16.4319, 23.4], [160.0, 0.0, 0.0, 16.4319, 23.7], [155.0, 0.0, 0.0, 16.4319, 24.0], [150.0, 0.0, 0.0, 16.4319, 24.3], [145.0, 0.0, 0.0, 16.4319, 24.6], [140.0, 0.0, 0.0, 16.4319, 24.9], [135.0, 0.0, 0.0, 16.4319, 25.2], [130.0, 0.0, 0.0, 16.4319, 25.5], [125.0, 0.0, 0.0, 16.4319, 25.8], [120.0, 0.0, 0.0, 16.4319, 26.1], [115.0, 0.0, 0.0, 16.4319, 26.4], [110.0, 0.0, 0.0, 16.4319, 26.7], [105.0, 0.0, 0.0, 16.4319, 27.0]]

[0.5, 0.5, 0.6, 0.7, 0.8, 0.9, 0.8, 0.2, 0.2, 0.2, 0.2, 0.2, 0.2, 0.2, 0.2, 0.2, 0.2, 0.2, 0.2, 0.2, 0.2, 0.2, 0.2, -0.4, -0.2, -0.2, -0.2, 0.0, -0.2, 0.6, 0.4, 0.0, 0.75, 0.85, 0.95, 0.8, 0.2, 0.2, 0.2, 0.2, 0.2, 0.2, 0.2, 0.2, 0.2, 0.2, 0.2, -0.4, -0.2, 0.0, 0.9, 0.8, 0.2, 0.2, 0.2, 0.2, 0.2, 0.2, 0.2, 0.2, 0.2, 0.2, 0.2, 0.2, 0.2, 0.2, 0.2, 0.2, 0.2, 0.2, 0.2, 0.2, 0.2, 0.2, 0.2, 0.2, 0.2, 0.2, 0.2]

[[500.0, 0.0], [495.0, 0.0], [490.0, 0.0], [485.0, 0.0], [480.0, 0.0], [475.0, 0.0], [470.0, 0.0], [465.0, 0.0], [460.0, 0.0], [455.0, 0.0], [450.0, 0.0], [445.0, 0.0], [440.0, 0.0], [435.0, 0.0], [430.0, 0.0], [425.0, 0.0], [420.0, 0.0], [415.0, 0.0], [410.0, 0.0], [405.0, 0.0], [400.0, 0.0], [395.0, 0.0], [390.0, 0.0], [385.0, 0.0], [380.0, 0.0], [375.0, 0.0], [370.0, 0.0], [365.0, 0.0], [360.0, 0.0], [355.0, 0.4], [350.0, 0.8], [345.0, 1.2], [340.0, 1.6], [335.0, 2.0], [330.0, 2.4], [325.0, 2.4], [320.0, 2.4], [315.0, 2.4], [310.0, 2.4], [305.0, 2.4], [300.0, 2.4], [295.0, 2.4], [290.0, 2.4], [285.0, 2.4], [280.0, 2.4], [275.0, 2.4], [270.0, 2.4], [265.0, 2.4], [260.0, 2.0], [255.0, 1.6], [250.0, 1.2], [245.0, 0.8], [240.0, 0.4], [235.0, 0.0], [230.0, 0.0], [225.0, 0.0], [220.0, 0.0], [215.0, 0.0], [210.0, 0.0], [205.0, 0.0], [200.0, 0.0], [195.0, 0.0], [190.0, 0.0], [185.0, 0.0], [180.0, 0.0], [175.0, 0.0], [170.0, 0.0], [165.0, 0.0], [160.0, 0.0], [155.0, 0.0], [150.0, 0.0], [145.0, 0.0], [140.0, 0.0], [135.0, 0.0], [130.0, 0.0], [125.0, 0.0], [120.0, 0.0], [115.0, 0.0], [110.0, 0.0], [105.0, 0.0]]

[1.58, 2.23, 2.73, 3.15, 3.52, 3.86, 4.17, 4.47, 4.77, 5.07, 5.37, 5.67, 5.97, 6.27, 6.57, 6.87, 7.17, 7.47, 7.77, 8.07, 8.37, 8.67, 8.97, 9.29, 9.64, 10.02, 10.44, 10.89, 11.38, 11.86, 12.28, 12.7, 13.1, 13.45, 13.77, 14.07, 14.36, 14.65, 14.94, 15.23, 15.52, 15.81, 16.1, 16.39, 16.68, 16.97, 17.26, 17.57, 17.9, 18.25, 18.59, 18.9, 19.2, 19.5, 19.8, 20.1, 20.4, 20.7, 21.0, 21.3, 21.6, 21.9, 22.2, 22.5, 22.8, 23.1, 23.4, 23.7, 24.0, 24.3, 24.6, 24.9, 25.2, 25.5, 25.8, 26.1, 26.4, 26.7, 27.0]
